# Windows Version: 10.0.14971.1000 (rs_prerelease.161111-1700)
# CPU: Intel(R) Core(TM) i7-6560U CPU @ 2.20GHz
# Memory: 15.85 GB
# Linux Kernel Version: 4.8.10-moby
# Linux Total Memory: 1.934 GiB
# Linux CPUs: 2
#
# BW: Message sizes (in Bytes) vs Average Bandwidth (in Mb/s) + individual results
# Index 0: BW: Host loopback mode blocking (msg recv())
8 40
128 636
512 2403
1024 4752
1518 6809
2048 9421
3072 13266
4096 11906
5120 13451
8192 20245
9018 22736
16384 26834


# Index 1: BW: Host loopback mode poll() server (msg recv())
8 31
128 609
512 2361
1024 4679
1518 6729
2048 9179
3072 12858
4096 13078
5120 15332
8192 21375
9018 22060
16384 21141


# Index 2: BW: Host loopback mode poll() client (msg recv())
8 39
128 627
512 2371
1024 4840
1518 7096
2048 9432
3072 13596
4096 12300
5120 14804
8192 21106
9018 22612
16384 22713


# Index 3: BW: Host loopback mode poll() both (msg recv())
8 29
128 615
512 2358
1024 4624
1518 6770
2048 9153
3072 13392
4096 12983
5120 15486
8192 20179
9018 21713
16384 16909


# Index 4: BW: Host loopback mode blocking (bulk recv())
8 28
128 573
512 2196
1024 4552
1518 6362
2048 7858
3072 9576
4096 9490
5120 10540
8192 11882
9018 12354
16384 13516


# Index 5: BW: Host loopback mode poll() server (bulk recv())
8 40
128 637
512 2463
1024 4856
1518 6970
2048 9373
3072 13376
4096 12848
5120 15386
8192 20885
9018 22424
16384 21914


# Index 6: BW: Host loopback mode poll() client (bulk recv())
8 28
128 559
512 2261
1024 4462
1518 6388
2048 7742
3072 9392
4096 9037
5120 9652
8192 10867
9018 11859
16384 11961


# Index 7: BW: Host loopback mode poll() both (bulk recv())
8 40
128 641
512 2424
1024 4822
1518 7086
2048 9274
3072 13279
4096 13034
5120 15361
8192 19704
9018 21225
16384 16918


# Index 8: BW: Transmit from VM blocking (msg recv())
8 13.5 14 13 13 14
128 223 237 224 216 215
512 777.75 810 752 857 692
1024 1620 1575 1562 1627 1716
1518 2123.5 2056 2148 2196 2094
2048 2427.25 2376 2490 2262 2581
3072 2589 2581 2653 2464 2658
4096 3831.75 3487 3965 3563 4312
5120 2705.25 3387 2635 2613 2186
8192 3364 3321 3438 3129 3568
9018 4757.25 4151 5161 4945 4772
16384 3515.5 3451 3356 3836 3419


# Index 9: BW: Transmit from VM poll() Linux (msg recv())
8 13.25 13 14 13 13
128 222.75 212 222 224 233
512 794 714 816 788 858
1024 1595.25 1537 1510 1558 1776
1518 2136 2249 2126 2031 2138
2048 2579.25 2808 2225 2352 2932
3072 2582.75 2571 2688 2643 2429
4096 3025.75 3002 2821 2362 3918
5120 3696.5 3874 4091 3017 3804
8192 3435.25 3267 4159 2542 3773
9018 4335.25 3280 5125 4570 4366
16384 3478.25 3845 3324 3560 3184


# Index 10: BW: Transmit from VM poll() Windows (msg recv())
8 13 14 14 12 12
128 220.5 211 222 224 225
512 784 773 735 826 802
1024 1463 1503 1548 1351 1450
1518 1931.5 1783 2031 1979 1933
2048 2290.5 2369 2300 2119 2374
3072 2124 2152 2220 2047 2077
4096 2628.25 2577 2536 2449 2951
5120 2857 3096 2932 2776 2624
8192 3232.25 3085 3341 3137 3366
9018 3690.5 4305 3630 2799 4028
16384 3572.5 3661 3961 3341 3327


# Index 11: BW: Transmit from VM poll() both (msg recv())
8 13 13 14 13 12
128 215.5 216 219 214 213
512 751.25 714 752 816 723
1024 1464 1500 1514 1402 1440
1518 2076.75 2099 2114 2044 2050
2048 2373.25 2423 2437 2282 2351
3072 2130.5 2335 2199 1862 2126
4096 2302.25 2521 1952 2442 2294
5120 3146.25 3030 3091 3105 3359
8192 3207.75 3447 3023 3239 3122
9018 4279.75 3744 5559 3126 4690
16384 3465.75 3184 3548 3573 3558


# Index 12: BW: Transmit from VM blocking (bulk recv())
8 11.75 11 12 12 12
128 190.75 197 189 189 188
512 673.75 611 694 620 770
1024 1072.5 1104 980 922 1284
1518 1329.5 1385 1456 1445 1032
2048 1348.25 1324 1228 1618 1223
3072 1676.5 1970 1712 1541 1483
4096 1829.75 2159 1243 2038 1879
5120 1623 1322 1609 1774 1787
8192 1774.25 2391 1528 1473 1705
9018 1526.25 1454 1374 1679 1598
16384 1710 1889 1391 1961 1599


# Index 13: BW: Transmit from VM poll() Linux (bulk recv())
8 11.25 11 11 11 12
128 199 199 208 195 194
512 670.25 607 730 642 702
1024 1201.5 1340 1266 1178 1022
1518 1351.75 1385 1135 1446 1441
2048 1488.75 1257 1516 1418 1764
3072 1619.75 1619 1942 1436 1482
4096 1611.5 1768 1527 1780 1371
5120 1685.25 1748 1979 1465 1549
8192 1650.25 1620 1611 1704 1666
9018 1757.75 1609 1600 2034 1788
16384 1581.5 1495 1561 1622 1648


# Index 14: BW: Transmit from VM poll() Windows (bulk recv())
8 13.5 14 13 14 13
128 211.5 220 204 214 208
512 791.5 869 745 779 773
1024 1592.75 1566 1622 1552 1631
1518 1973.25 1881 2075 1875 2062
2048 2288 2391 2327 2129 2305
3072 2280.5 2199 2300 2345 2278
4096 2141.75 2751 2164 2313 1339
5120 2866.25 3132 2722 2842 2769
8192 3035.25 3092 3003 3002 3044
9018 4632.5 4263 4431 4451 5385
16384 3267 3335 3077 3377 3279


# Index 15: BW: Transmit from VM poll() both (bulk recv())
8 13.5 13 13 14 14
128 219 214 220 218 224
512 787.5 848 741 765 796
1024 1524.75 1666 1479 1410 1544
1518 2079.5 2103 1975 2058 2182
2048 2444 2408 2427 2407 2534
3072 2234.75 2144 2171 2530 2094
4096 2469 2136 2791 2733 2216
5120 3005.25 3110 2817 2994 3100
8192 3353.5 3288 3300 3772 3054
9018 3733 4879 4196 3289 2568
16384 3840.5 3668 4080 4064 3550


# Index 16: BW: Transmit to VM blocking (msg recv())
8 12.75 2 13 13 23
128 279.25 346 379 195 197
512 406.25 1211 48 19 347
1024 1255.5 1901 1113 1009 999
1518 2198.25 2462 2154 2954 1223
2048 2659 2191 2654 3000 2791
3072 2874.5 3324 1752 3033 3389
4096 2680.5 2817 2838 2808 2259
5120 3576.25 3878 3394 3105 3928
8192 3067.25 2191 2929 2484 4665
9018 3590.75 2996 4042 4265 3060
# 16384: send() Error: 10053
# 16384: send() Error: 10053
# 16384: send() Error: 10053
# 16384: send() Error: 10053


# Index 17: BW: Transmit to VM poll() Linux (msg recv())
8 8.75 10 5 9 11
128 278.75 371 39 351 354
512 877.5 580 1137 1232 561
1024 1294.25 1941 1280 1056 900
1518 2132.5 2223 1577 2445 2285
2048 2377.75 2465 3305 2433 1308
3072 3653 3121 4148 3460 3883
4096 2771 2846 3349 2310 2579
5120 3014.5 3005 2467 3526 3060
8192 3084.25 2898 3648 2819 2972
9018 2922.5 3661 3821 2125 2083
# 16384: send() Error: 10053
# 16384: send() Error: 10053
# 16384: send() Error: 10053
# 16384: send() Error: 10053


# Index 18: BW: Transmit to VM poll() Windows (msg recv())
8 18.75 13 14 24 24
128 166.5 198 183 185 100
512 516.75 581 622 575 289
1024 1373.25 788 2089 1760 856
1518 2301.25 2003 2188 2371 2643
2048 1917.75 1893 2183 1065 2530
3072 3424 3510 3163 3306 3717
4096 2277.75 2033 2471 2421 2186
5120 3206.5 3250 3060 3167 3349
8192 2278.25 2441 2594 1743 2335
9018 3100.5 3522 3143 3144 2593
# 16384: send() Error: 10053
# 16384: send() Error: 10053
# 16384: send() Error: 10053
# 16384: send() Error: 10053


# Index 19: BW: Transmit to VM poll() both (msg recv())
8 12.75 1 25 13 12
128 71 20 14 64 186
512 784.75 1101 607 650 781
1024 1340.75 1793 1577 907 1086
1518 2396.5 2560 2220 2550 2256
2048 2665.75 2695 2570 3014 2384
3072 2613 3257 3266 1440 2489
4096 2674.75 3339 2404 2614 2342
5120 3275.5 3824 2943 2968 3367
8192 2765.25 4308 2316 2932 1505
9018 3514 2764 3449 3520 4323
# 16384: send() Error: 10053
# 16384: send() Error: 10053
# 16384: send() Error: 10053
# 16384: send() Error: 10053


# Index 20: BW: Transmit to VM blocking (bulk recv())
8 10 9 3 1 27
128 85.5 13 8 121 200
512 479 136 598 434 748
1024 1804.25 1001 2061 2142 2013
1518 2302.25 1369 2696 2685 2459
2048 1975 3104 1009 2613 1174
3072 3037.25 3944 3107 1814 3284
4096 2739.75 2948 2895 3136 1980
5120 4543.25 4857 5138 4731 3447
8192 2951.75 3408 2346 3436 2617
9018 2447 3212 2423 2050 2103
# 16384: send() Error: 10053
# 16384: send() Error: 10053
# 16384: send() Error: 10053
# 16384: send() Error: 10053


# Index 21: BW: Transmit to VM poll() Linux (bulk recv())
8 14.5 16 14 13 15
128 132 25 394 15 94
512 620.25 30 1026 1375 50
1024 788.25 950 1188 21 994
1518 1918.75 2652 1602 1091 2330
2048 2059.75 815 2906 1399 3119
3072 3536.25 3837 3638 3449 3221
4096 3065.75 3306 2775 3067 3115
5120 3833.25 3560 4072 3373 4328
8192 2960 3574 2509 1879 3878
9018 3651.75 3740 3478 3155 4234
# 16384: send() Error: 10053
# 16384: send() Error: 10053
# 16384: send() Error: 10053
# 16384: send() Error: 10053


# Index 22: BW: Transmit to VM poll() Windows (bulk recv())
8 7.5 8 8 1 13
128 217.25 445 11 228 185
512 374 38 689 183 586
1024 524.5 904 29 119 1046
1518 1767.5 2111 2573 1309 1077
2048 2353.5 2680 1285 2610 2839
# 3072: stuck
3072 2247.6 2235 1623 2885
4096 1853.5 1281 2368 1390 2375
5120 2145.5 2649 1245 2043 2645
8192 2862.25 3104 3159 2768 2418
9018 3006.75 3196 2767 3485 2579
# 16384: send() Error: 10053
# 16384: send() Error: 10053
# 16384: send() Error: 10053
# 16384: send() Error: 10053


# Index 23: BW: Transmit to VM poll() both (bulk recv())
# 8: two stuck
8 20.5 26 15
128 54.5 64 8 39 107
512 643 633 709 598 632
1024 1346.5 1679 1850 910 947
1518 1467 942 2174 1489 1263
2048 1640.75 1321 2571 1610 1061
3072 1640.75 965 1865 1558 2175
4096 2561.5 3251 1286 2929 2780
5120 2677.25 1843 2822 3112 2932
8192 3163 2944 2151 4255 3302
9018 3096.5 3658 2657 2887 3184
# 16384: send() Error: 10053
# 16384: send() Error: 10053
# 16384: send() Error: 10053
# 16384: send() Error: 10053


# Index 24: connect() from VM
# time (ms) vs count vs cumulative percent
1 1832  91.60
2 103  96.75
3 23  97.90
4 15  98.65
5 6  98.95
6 5  99.20
7 4  99.40
8 0  99.40
9 3  99.55
10 0  99.55
20 2  99.65
30 1  99.70
40 2  99.80
50 1  99.85
60 0  99.85
70 1  99.90
80 0  99.90
90 0  99.90
100 0  99.90
200 2 100.00
300 0 100.00
400 0 100.00
500 0 100.00
600 0 100.00
700 0 100.00
800 0 100.00
900 0 100.00
>=1000 0 100.00
connect_err 0 100.00
socket_err 0 100.00


# Index 25: connect() to VM
# time (ms) vs count vs cumulative percent
1 1736  86.80
2 116  92.60
3 35  94.35
4 35  96.10
5 16  96.90
6 10  97.40
7 6  97.70
8 6  98.00
9 4  98.20
10 4  98.40
20 18  99.30
30 2  99.40
40 5  99.65
50 3  99.80
60 1  99.85
70 1  99.90
80 0  99.90
90 0  99.90
100 1  99.95
200 1 100.00
300 0 100.00
400 0 100.00
500 0 100.00
600 0 100.00
700 0 100.00
800 0 100.00
900 0 100.00
>=1000 0 100.00
connect_err 0 100.00
socket_err 0 100.00
71dbc79b6d48c64b20f255b0c86a5267f6ea9e3d84e52a24f69837e3ae6b943e


# Index 26: connect() to VM with timeout
# time (ms) vs count vs cumulative percent
1 1703  85.15
2 73  88.80
3 28  90.20
4 9  90.65
5 6  90.95
6 6  91.25
7 2  91.35
8 4  91.55
9 3  91.70
10 40  93.70
20 109  99.15
30 9  99.60
40 2  99.70
50 0  99.70
60 1  99.75
70 2  99.85
80 0  99.85
90 0  99.85
100 1  99.90
200 1  99.95
300 0  99.95
400 0  99.95
500 0  99.95
600 0  99.95
700 0  99.95
800 0  99.95
900 0  99.95
>=1000 0  99.95
connect_err 1 100.00
socket_err 0 100.00


# Index 27: connect() from VM with load
# time (ms) vs count vs cumulative percent
1 1831  91.55
2 99  96.50
3 22  97.60
4 12  98.20
5 10  98.70
6 3  98.85
7 4  99.05
8 5  99.30
9 1  99.35
10 1  99.40
20 5  99.65
30 1  99.70
40 1  99.75
50 0  99.75
60 0  99.75
70 1  99.80
80 0  99.80
90 1  99.85
100 0  99.85
200 3 100.00
300 0 100.00
400 0 100.00
500 0 100.00
600 0 100.00
700 0 100.00
800 0 100.00
900 0 100.00
>=1000 0 100.00
connect_err 0 100.00
socket_err 0 100.00


# Index 28: connect() to VM with load
# time (ms) vs count vs cumulative percent
1 1657  82.85
2 128  89.25
3 56  92.05
4 35  93.80
5 28  95.20
6 20  96.20
7 14  96.90
8 9  97.35
9 5  97.60
10 5  97.85
20 22  98.95
30 13  99.60
40 3  99.75
50 2  99.85
60 1  99.90
70 0  99.90
80 0  99.90
90 0  99.90
100 0  99.90
200 0  99.90
300 0  99.90
400 0  99.90
500 0  99.90
600 0  99.90
700 0  99.90
800 0  99.90
900 0  99.90
>=1000 0  99.90
connect_err 2 100.00
socket_err 0 100.00
